6 0
12 5
22 5
72 2
120 2
181 5
189 3
350 0
369 8
514 1
524 5
543 5
554 5
559 2
629 0
647 7
673 10
713 9
750 2
809 7
819 8
869 7
875 1
907 1
934 5
962 10
1046 6
1057 3
1076 7
1097 0
1137 9
1173 7
1290 1
1338 0
1351 7
1420 1
1440 4
1442 0
1470 5
1475 5
1479 5
1483 5
1485 3
1486 7
1510 5
1531 5
1630 0
1632 7
1736 7
1975 3
2018 8
2024 6
2080 5
2095 7
2112 6
2126 0
2127 1
2133 6
2146 5
2152 7
2154 7
2164 7
2169 7
2172 7
2227 5
2243 5
2295 5
2320 7
2322 7
2354 5
2376 5
2391 5
2402 8
2414 5
2441 5
2489 10
2493 10
2501 5
2530 4
2572 1
2601 7
2627 9
2639 0
2650 5
2670 1
2709 0
2855 5
2870 7
2896 5
2897 0
2933 10
2934 4
3096 7
3113 1
3118 7
3157 1
3229 10
3244 7
3259 10
3277 5
