6 0
12 6
22 10
72 3
120 12
181 5
189 1
350 10
369 14
514 2
524 3
543 10
554 6
559 2
629 2
647 2
673 9
713 4
750 2
809 10
819 3
869 1
875 2
907 11
934 6
962 9
1046 4
1057 11
1076 11
1097 0
1137 1
1173 2
1290 12
1338 5
1351 14
1420 10
1440 10
1442 8
1470 10
1475 10
1479 6
1483 14
1485 9
1486 14
1510 6
1531 6
1630 7
1632 4
1736 3
1975 10
2018 8
2024 4
2080 12
2095 8
2112 4
2126 5
2127 14
2133 9
2146 2
2152 10
2154 9
2164 12
2169 7
2172 4
2227 6
2243 1
2295 10
2320 6
2322 3
2354 8
2376 9
2391 2
2402 3
2414 11
2441 8
2489 10
2493 8
2501 13
2530 10
2572 10
2601 12
2627 3
2639 0
2650 6
2670 7
2709 12
2855 13
2870 3
2896 13
2897 5
2933 13
2934 8
3096 14
3113 14
3118 2
3157 1
3229 13
3244 13
3259 8
3277 13
