90 0
135 0
256 0
283 1
284 0
458 1
479 1
523 1
531 1
537 0
539 0
574 1
596 0
631 0
634 1
640 1
665 1
666 1
667 1
680 0
684 1
691 0
719 1
846 1
932 0
1039 0
1065 1
1203 0
1241 0
1260 1
1284 1
1286 1
1312 1
1330 1
1410 1
1480 0
1497 0
1510 0
1534 0
1543 0
1545 1
1555 1
1613 0
1623 0
1659 1
1711 0
1740 1
2088 0
2104 0
2164 0
2182 1
2259 1
2262 0
2277 1
2282 0
2291 0
2305 1
2347 1
2379 1
2388 1
2449 1
2457 0
2525 0
2538 1
2569 1
2637 0
2666 1
2674 1
2777 1
2792 1
2794 1
2811 1
2816 1
2821 0
2842 1
2855 1
2871 0
2874 0
2922 1
2931 1
2954 1
2962 1
2966 0
3006 1
3009 0
3021 1
3042 0
3065 0
3109 0
3134 1
3140 1
3141 1
3157 1
3180 0
3204 1
3223 1
3227 0
3253 0
3272 1
3275 1
