6 0
12 2
22 2
72 2
120 2
181 1
189 0
350 2
369 0
514 0
524 2
543 2
554 1
559 0
629 0
647 0
673 2
713 2
750 0
809 2
819 0
869 0
875 2
907 2
934 2
962 1
1046 2
1057 2
1076 0
1097 0
1137 1
1173 0
1290 0
1338 1
1351 1
1420 2
1440 2
1442 1
1470 2
1475 2
1479 2
1483 2
1485 2
1486 0
1510 2
1531 2
1630 0
1632 0
1736 1
1975 2
2018 1
2024 2
2080 2
2095 0
2112 0
2126 1
2127 1
2133 0
2146 1
2152 2
2154 1
2164 0
2169 2
2172 0
2227 2
2243 0
2295 2
2320 0
2322 2
2354 2
2376 2
2391 0
2402 0
2414 2
2441 2
2489 2
2493 2
2501 0
2530 2
2572 2
2601 2
2627 2
2639 0
2650 0
2670 1
2709 0
2855 2
2870 0
2896 2
2897 1
2933 2
2934 0
3096 2
3113 2
3118 0
3157 0
3229 0
3244 2
3259 0
3277 2
