90 0
135 1
256 0
283 2
284 0
458 1
479 1
523 2
531 1
537 1
539 3
574 1
596 0
631 1
634 1
640 2
665 1
666 1
667 3
680 1
684 2
691 3
719 1
846 1
932 1
1039 1
1065 2
1203 1
1241 0
1260 2
1284 1
1286 2
1312 1
1330 3
1410 2
1480 1
1497 0
1510 0
1534 0
1543 0
1545 3
1555 3
1613 1
1623 0
1659 1
1711 3
1740 3
2088 1
2104 1
2164 1
2182 2
2259 1
2262 3
2277 3
2282 1
2291 0
2305 3
2347 3
2379 2
2388 1
2449 1
2457 1
2525 1
2538 1
2569 1
2637 0
2666 3
2674 3
2777 1
2792 2
2794 1
2811 1
2816 2
2821 1
2842 1
2855 3
2871 0
2874 0
2922 2
2931 3
2954 2
2962 3
2966 1
3006 3
3009 3
3021 1
3042 1
3065 1
3109 3
3134 2
3140 2
3141 1
3157 3
3180 0
3204 1
3223 1
3227 1
3253 0
3272 3
3275 2
