6 0
12 2
22 1
72 1
120 4
181 2
189 0
350 0
369 3
514 0
524 1
543 2
554 2
559 0
629 0
647 0
673 3
713 1
750 0
809 3
819 1
869 0
875 1
907 2
934 2
962 3
1046 4
1057 0
1076 0
1097 0
1137 4
1173 0
1290 4
1338 0
1351 0
1420 3
1440 2
1442 1
1470 2
1475 2
1479 2
1483 2
1485 3
1486 0
1510 2
1531 2
1630 0
1632 0
1736 1
1975 1
2018 1
2024 4
2080 4
2095 1
2112 4
2126 4
2127 3
2133 3
2146 3
2152 2
2154 3
2164 4
2169 2
2172 3
2227 2
2243 2
2295 2
2320 2
2322 1
2354 0
2376 3
2391 4
2402 1
2414 2
2441 2
2489 3
2493 3
2501 1
2530 1
2572 1
2601 4
2627 1
2639 0
2650 2
2670 2
2709 4
2855 2
2870 1
2896 2
2897 0
2933 1
2934 1
3096 0
3113 2
3118 4
3157 0
3229 1
3244 1
3259 3
3277 1
