90 0
135 5
256 1
283 3
284 0
458 3
479 3
523 1
531 4
537 5
539 2
574 2
596 0
631 1
634 3
640 5
665 1
666 1
667 1
680 0
684 2
691 5
719 1
846 2
932 1
1039 1
1065 3
1203 2
1241 2
1260 5
1284 1
1286 1
1312 2
1330 2
1410 3
1480 5
1497 1
1510 0
1534 4
1543 0
1545 1
1555 3
1613 1
1623 4
1659 2
1711 4
1740 3
2088 0
2104 1
2164 1
2182 3
2259 4
2262 1
2277 4
2282 4
2291 0
2305 3
2347 4
2379 3
2388 1
2449 4
2457 1
2525 0
2538 4
2569 4
2637 4
2666 4
2674 3
2777 4
2792 3
2794 2
2811 1
2816 3
2821 2
2842 1
2855 4
2871 4
2874 5
2922 3
2931 3
2954 3
2962 4
2966 1
3006 5
3009 4
3021 2
3042 0
3065 2
3109 1
3134 5
3140 3
3141 2
3157 3
3180 1
3204 2
3223 1
3227 4
3253 1
3272 2
3275 3
