6 0
12 2
22 4
72 1
120 3
181 3
189 0
350 4
369 3
514 3
524 3
543 4
554 4
559 1
629 1
647 3
673 4
713 6
750 1
809 3
819 1
869 6
875 2
907 2
934 3
962 0
1046 6
1057 3
1076 2
1097 0
1137 6
1173 1
1290 2
1338 0
1351 0
1420 5
1440 0
1442 4
1470 4
1475 5
1479 4
1483 3
1485 3
1486 3
1510 4
1531 3
1630 0
1632 1
1736 6
1975 3
2018 6
2024 3
2080 5
2095 2
2112 4
2126 4
2127 4
2133 4
2146 4
2152 4
2154 3
2164 1
2169 4
2172 2
2227 4
2243 3
2295 0
2320 5
2322 3
2354 5
2376 5
2391 5
2402 4
2414 2
2441 3
2489 3
2493 4
2501 4
2530 5
2572 4
2601 6
2627 6
2639 0
2650 3
2670 2
2709 6
2855 3
2870 0
2896 2
2897 0
2933 3
2934 5
3096 3
3113 3
3118 1
3157 2
3229 2
3244 5
3259 3
3277 5
