90 0
135 3
256 1
283 4
284 0
458 5
479 2
523 1
531 7
537 5
539 5
574 1
596 1
631 1
634 2
640 3
665 1
666 1
667 6
680 1
684 1
691 3
719 5
846 2
932 1
1039 2
1065 4
1203 7
1241 7
1260 1
1284 3
1286 3
1312 2
1330 7
1410 1
1480 2
1497 3
1510 3
1534 3
1543 1
1545 6
1555 1
1613 7
1623 0
1659 2
1711 1
1740 1
2088 2
2104 7
2164 2
2182 4
2259 3
2262 5
2277 6
2282 1
2291 0
2305 6
2347 5
2379 4
2388 2
2449 7
2457 7
2525 5
2538 5
2569 7
2637 0
2666 6
2674 7
2777 5
2792 4
2794 7
2811 1
2816 4
2821 7
2842 5
2855 6
2871 3
2874 1
2922 5
2931 6
2954 7
2962 3
2966 7
3006 1
3009 5
3021 2
3042 1
3065 7
3109 3
3134 5
3140 1
3141 3
3157 6
3180 0
3204 7
3223 7
3227 1
3253 0
3272 6
3275 5
