6 0
12 6
22 6
72 4
120 2
181 3
189 0
350 5
369 0
514 2
524 4
543 1
554 4
559 0
629 0
647 0
673 6
713 1
750 2
809 6
819 1
869 0
875 2
907 1
934 4
962 3
1046 6
1057 6
1076 0
1097 0
1137 7
1173 0
1290 2
1338 3
1351 3
1420 8
1440 6
1442 7
1470 1
1475 1
1479 4
1483 6
1485 4
1486 0
1510 4
1531 4
1630 0
1632 0
1736 7
1975 4
2018 1
2024 5
2080 4
2095 2
2112 7
2126 5
2127 5
2133 4
2146 4
2152 5
2154 3
2164 4
2169 2
2172 2
2227 4
2243 4
2295 6
2320 0
2322 6
2354 1
2376 7
2391 4
2402 0
2414 6
2441 4
2489 6
2493 7
2501 7
2530 6
2572 2
2601 6
2627 7
2639 0
2650 5
2670 4
2709 0
2855 8
2870 4
2896 8
2897 3
2933 4
2934 8
3096 8
3113 4
3118 0
3157 0
3229 2
3244 4
3259 2
3277 8
